16
34
0 17.0 91.0
1 16.0 57.0
2 58.0 27.0
3 12.0 96.0
4 4.0 88.0
5 49.0 74.0
6 14.0 11.0
7 5.0 56.0
8 52.0 1.0
9 48.0 69.0
10 34.0 57.0
11 39.0 8.0
12 16.0 12.0
13 19.0 31.0
14 21.0 69.0
15 90.0 29.0
0 3 7.0
0 4 13.0
0 14 22.0
1 7 11.0
1 10 18.0
1 14 13.0
3 0 7.0
3 4 11.0
4 0 13.0
4 3 11.0
5 9 5.0
5 10 23.0
6 12 2.0
6 13 21.0
7 1 11.0
7 14 21.0
8 11 15.0
9 5 5.0
9 10 18.0
10 1 18.0
10 5 23.0
10 9 18.0
10 14 18.0
11 8 15.0
11 12 23.0
12 6 2.0
12 11 23.0
12 13 19.0
13 6 21.0
13 12 19.0
14 0 22.0
14 1 13.0
14 7 21.0
14 10 18.0
